   0.00000000            1000
  0.500000000             989
   1.00000000             985
   1.50000000             977
   2.00000000             966
   2.50000000             958
   3.00000000             955
   3.50000000             939
   4.00000000             929
   4.50000000             924
   5.00000000             919
   5.50000000             910
   6.00000000             900
   6.50000000             891
   7.00000000             885
   7.50000000             872
   8.00000000             860
   8.50000000             853
   9.00000000             847
   9.50000000             841
   10.0000000             836
   10.5000000             831
   11.0000000             822
   11.5000000             813
   12.0000000             808
   12.5000000             799
   13.0000000             795
   13.5000000             789
   14.0000000             784
   14.5000000             780
   15.0000000             775
   15.5000000             770
   16.0000000             761
   16.5000000             756
   17.0000000             750
   17.5000000             746
   18.0000000             739
   18.5000000             734
   19.0000000             731
   19.5000000             722
   20.0000000             718
   20.5000000             713
   21.0000000             710
   21.5000000             704
   22.0000000             698
   22.5000000             691
   23.0000000             686
   23.5000000             677
   24.0000000             673
   24.5000000             666
   25.0000000             660
   25.5000000             657
   26.0000000             652
   26.5000000             648
   27.0000000             644
   27.5000000             637
   28.0000000             631
   28.5000000             626
   29.0000000             620
   29.5000000             616
   30.0000000             608
   30.5000000             601
   31.0000000             597
   31.5000000             592
   32.0000000             589
   32.5000000             581
   33.0000000             575
   33.5000000             572
   34.0000000             568
   34.5000000             560
   35.0000000             552
   35.5000000             550
   36.0000000             547
   36.5000000             542
   37.0000000             536
   37.5000000             532
   38.0000000             525
   38.5000000             520
   39.0000000             515
   39.5000000             513
   40.0000000             509
   40.5000000             507
   41.0000000             501
   41.5000000             496
   42.0000000             491
   42.5000000             485
   43.0000000             483
   43.5000000             478
   44.0000000             469
   44.5000000             467
   45.0000000             463
   45.5000000             460
   46.0000000             453
   46.5000000             449
   47.0000000             445
   47.5000000             441
   48.0000000             438
   48.5000000             435
   49.0000000             430
   49.5000000             423
   50.0000000             419
   50.5000000             418
   51.0000000             414
   51.5000000             413
   52.0000000             409
   52.5000000             406
   53.0000000             399
   53.5000000             396
   54.0000000             395
   54.5000000             391
   55.0000000             390
   55.5000000             390
   56.0000000             387
   56.5000000             384
   57.0000000             380
   57.5000000             378
   58.0000000             376
   58.5000000             373
   59.0000000             371
   59.5000000             369
   60.0000000             368
   60.5000000             362
   61.0000000             361
   61.5000000             359
   62.0000000             356
   62.5000000             354
   63.0000000             353
   63.5000000             349
   64.0000000             346
   64.5000000             341
   65.0000000             339
   65.5000000             337
   66.0000000             335
   66.5000000             332
   67.0000000             331
   67.5000000             327
   68.0000000             324
   68.5000000             321
   69.0000000             317
   69.5000000             312
   70.0000000             309
   70.5000000             305
   71.0000000             304
   71.5000000             301
   72.0000000             298
   72.5000000             298
   73.0000000             294
   73.5000000             287
   74.0000000             286
   74.5000000             284
   75.0000000             281
   75.5000000             278
   76.0000000             276
   76.5000000             275
   77.0000000             273
   77.5000000             271
   78.0000000             268
   78.5000000             268
   79.0000000             267
   79.5000000             265
   80.0000000             265
   80.5000000             264
   81.0000000             261
   81.5000000             260
   82.0000000             259
   82.5000000             259
   83.0000000             259
   83.5000000             257
   84.0000000             252
   84.5000000             250
   85.0000000             248
   85.5000000             248
   86.0000000             244
   86.5000000             242
   87.0000000             241
   87.5000000             239
   88.0000000             237
   88.5000000             237
   89.0000000             236
   89.5000000             234
   90.0000000             233
   90.5000000             232
   91.0000000             229
   91.5000000             227
   92.0000000             225
   92.5000000             221
   93.0000000             220
   93.5000000             219
   94.0000000             219
   94.5000000             217
   95.0000000             217
   95.5000000             217
   96.0000000             216
   96.5000000             214
   97.0000000             214
   97.5000000             214
   98.0000000             214
   98.5000000             211
   99.0000000             209
   99.5000000             208
   100.000000             208
   100.500000             207
   101.000000             205
   101.500000             204
   102.000000             203
   102.500000             202
   103.000000             200
   103.500000             199
   104.000000             197
   104.500000             195
   105.000000             195
   105.500000             190
   106.000000             190
   106.500000             187
   107.000000             185
   107.500000             184
   108.000000             184
   108.500000             183
   109.000000             183
   109.500000             179
   110.000000             174
   110.500000             173
   111.000000             172
   111.500000             170
   112.000000             170
   112.500000             169
   113.000000             167
   113.500000             163
   114.000000             163
   114.500000             160
   115.000000             159
   115.500000             159
   116.000000             156
   116.500000             154
   117.000000             153
   117.500000             152
   118.000000             151
   118.500000             150
   119.000000             149
   119.500000             147
   120.000000             145
   120.500000             143
   121.000000             140
   121.500000             139
   122.000000             139
   122.500000             138
   123.000000             137
   123.500000             133
   124.000000             130
   124.500000             130
   125.000000             129
   125.500000             129
   126.000000             127
   126.500000             127
   127.000000             126
   127.500000             125
   128.000000             124
   128.500000             124
   129.000000             124
   129.500000             123
   130.000000             120
   130.500000             118
   131.000000             118
   131.500000             117
   132.000000             116
   132.500000             116
   133.000000             116
   133.500000             115
   134.000000             112
   134.500000             110
   135.000000             110
   135.500000             108
   136.000000             105
   136.500000             105
   137.000000             104
   137.500000             104
   138.000000             104
   138.500000             104
   139.000000             103
   139.500000             103
   140.000000             103
   140.500000             102
   141.000000             102
   141.500000             102
   142.000000             101
   142.500000             101
   143.000000             101
   143.500000             101
   144.000000             100
   144.500000             100
   145.000000              98
   145.500000              96
   146.000000              95
   146.500000              95
   147.000000              94
   147.500000              92
   148.000000              91
   148.500000              91
   149.000000              91
   149.500000              91
   150.000000              91
   150.500000              90
   151.000000              90
   151.500000              90
   152.000000              90
   152.500000              86
   153.000000              85
   153.500000              84
   154.000000              83
   154.500000              83
   155.000000              83
   155.500000              83
   156.000000              82
   156.500000              82
   157.000000              81
   157.500000              81
   158.000000              81
   158.500000              80
   159.000000              80
   159.500000              79
   160.000000              76
   160.500000              75
   161.000000              74
   161.500000              74
   162.000000              74
   162.500000              74
   163.000000              74
   163.500000              74
   164.000000              73
   164.500000              73
   165.000000              72
   165.500000              71
   166.000000              70
   166.500000              70
   167.000000              70
   167.500000              68
   168.000000              67
   168.500000              67
   169.000000              67
   169.500000              66
   170.000000              65
   170.500000              62
   171.000000              61
   171.500000              61
   172.000000              61
   172.500000              59
   173.000000              57
   173.500000              57
   174.000000              57
   174.500000              57
   175.000000              56
   175.500000              56
   176.000000              56
   176.500000              56
   177.000000              55
   177.500000              55
   178.000000              54
   178.500000              54
   179.000000              54
   179.500000              54
   180.000000              54
   180.500000              54
   181.000000              54
   181.500000              53
   182.000000              52
   182.500000              52
   183.000000              52
   183.500000              52
   184.000000              52
   184.500000              52
   185.000000              52
   185.500000              52
   186.000000              52
   186.500000              51
   187.000000              51
   187.500000              51
   188.000000              51
   188.500000              51
   189.000000              51
   189.500000              51
   190.000000              51
   190.500000              51
   191.000000              51
   191.500000              50
   192.000000              50
   192.500000              49
   193.000000              49
   193.500000              49
   194.000000              48
   194.500000              48
   195.000000              48
   195.500000              48
   196.000000              48
   196.500000              48
   197.000000              48
   197.500000              47
   198.000000              47
   198.500000              47
   199.000000              47
   199.500000              47
   200.000000              47
   200.500000              47
   201.000000              47
   201.500000              46
   202.000000              46
   202.500000              45
   203.000000              45
   203.500000              44
   204.000000              43
   204.500000              43
   205.000000              43
   205.500000              43
   206.000000              42
   206.500000              41
   207.000000              40
   207.500000              39
   208.000000              39
   208.500000              39
   209.000000              39
   209.500000              39
   210.000000              39
   210.500000              39
   211.000000              38
   211.500000              37
   212.000000              37
   212.500000              37
   213.000000              36
   213.500000              36
   214.000000              36
   214.500000              34
   215.000000              33
   215.500000              33
   216.000000              32
   216.500000              31
   217.000000              31
   217.500000              31
   218.000000              30
   218.500000              29
   219.000000              29
   219.500000              29
   220.000000              29
   220.500000              29
   221.000000              29
   221.500000              28
   222.000000              27
   222.500000              27
   223.000000              27
   223.500000              27
   224.000000              27
   224.500000              27
   225.000000              25
   225.500000              25
   226.000000              25
   226.500000              24
   227.000000              24
   227.500000              24
   228.000000              24
   228.500000              24
   229.000000              23
   229.500000              23
   230.000000              23
   230.500000              22
   231.000000              22
   231.500000              22
   232.000000              22
   232.500000              22
   233.000000              22
   233.500000              21
   234.000000              21
   234.500000              20
   235.000000              20
   235.500000              20
   236.000000              19
   236.500000              19
   237.000000              19
   237.500000              18
   238.000000              18
   238.500000              18
   239.000000              18
   239.500000              18
   240.000000              18
   240.500000              18
   241.000000              18
   241.500000              18
   242.000000              18
   242.500000              17
   243.000000              17
   243.500000              16
   244.000000              16
   244.500000              16
   245.000000              16
   245.500000              16
   246.000000              16
   246.500000              16
   247.000000              16
   247.500000              16
   248.000000              16
   248.500000              16
   249.000000              15
   249.500000              15
   250.000000              15
   250.500000              15
   251.000000              15
   251.500000              15
   252.000000              15
   252.500000              15
   253.000000              15
   253.500000              15
   254.000000              15
   254.500000              15
   255.000000              15
   255.500000              15
   256.000000              14
   256.500000              14
   257.000000              14
   257.500000              14
   258.000000              14
   258.500000              14
   259.000000              14
   259.500000              14
   260.000000              13
   260.500000              13
   261.000000              13
   261.500000              13
   262.000000              13
   262.500000              13
   263.000000              13
   263.500000              13
   264.000000              13
   264.500000              13
   265.000000              13
   265.500000              13
   266.000000              13
   266.500000              13
   267.000000              13
   267.500000              13
   268.000000              13
   268.500000              13
   269.000000              12
   269.500000              12
   270.000000              12
   270.500000              12
   271.000000              12
   271.500000              12
   272.000000              12
   272.500000              12
   273.000000              12
   273.500000              12
   274.000000              12
   274.500000              12
   275.000000              12
   275.500000              12
   276.000000              12
   276.500000              12
   277.000000              12
   277.500000              12
   278.000000              12
   278.500000              12
   279.000000              12
   279.500000              12
   280.000000              12
   280.500000              12
   281.000000              12
   281.500000              11
   282.000000              11
   282.500000              11
   283.000000              10
   283.500000              10
   284.000000              10
   284.500000              10
   285.000000              10
   285.500000              10
   286.000000              10
   286.500000              10
   287.000000              10
   287.500000              10
   288.000000              10
   288.500000              10
   289.000000              10
   289.500000              10
   290.000000               9
   290.500000               9
   291.000000               9
   291.500000               9
   292.000000               9
   292.500000               9
   293.000000               9
   293.500000               9
   294.000000               9
   294.500000               9
   295.000000               9
   295.500000               9
   296.000000               9
   296.500000               8
   297.000000               8
   297.500000               8
   298.000000               8
   298.500000               8
   299.000000               8
   299.500000               8
   300.000000               8
   300.500000               8
   301.000000               8
   301.500000               8
   302.000000               8
   302.500000               8
   303.000000               8
   303.500000               8
   304.000000               8
   304.500000               8
   305.000000               8
   305.500000               8
   306.000000               7
   306.500000               7
   307.000000               7
   307.500000               7
   308.000000               7
   308.500000               7
   309.000000               7
   309.500000               7
   310.000000               7
   310.500000               7
   311.000000               7
   311.500000               7
   312.000000               7
   312.500000               7
   313.000000               7
   313.500000               7
   314.000000               7
   314.500000               7
   315.000000               7
   315.500000               7
   316.000000               7
   316.500000               7
   317.000000               7
   317.500000               7
   318.000000               7
   318.500000               7
   319.000000               7
   319.500000               7
   320.000000               7
   320.500000               7
   321.000000               7
   321.500000               7
   322.000000               7
   322.500000               7
   323.000000               7
   323.500000               7
   324.000000               7
   324.500000               7
   325.000000               7
   325.500000               7
   326.000000               7
   326.500000               7
   327.000000               7
   327.500000               7
   328.000000               7
   328.500000               7
   329.000000               7
   329.500000               7
   330.000000               7
   330.500000               7
   331.000000               7
   331.500000               7
   332.000000               7
   332.500000               7
   333.000000               7
   333.500000               7
   334.000000               7
   334.500000               7
   335.000000               7
   335.500000               7
   336.000000               7
   336.500000               7
   337.000000               7
   337.500000               7
   338.000000               7
   338.500000               7
   339.000000               7
   339.500000               7
   340.000000               7
   340.500000               6
   341.000000               6
   341.500000               6
   342.000000               6
   342.500000               6
   343.000000               6
   343.500000               6
   344.000000               6
   344.500000               6
   345.000000               6
   345.500000               6
   346.000000               6
   346.500000               6
   347.000000               6
   347.500000               6
   348.000000               6
   348.500000               6
   349.000000               6
   349.500000               6
   350.000000               6
   350.500000               6
   351.000000               6
   351.500000               6
   352.000000               6
   352.500000               6
   353.000000               6
   353.500000               5
   354.000000               5
   354.500000               5
   355.000000               5
   355.500000               5
   356.000000               5
   356.500000               5
   357.000000               5
   357.500000               5
   358.000000               5
   358.500000               5
   359.000000               5
   359.500000               5
   360.000000               5
   360.500000               5
   361.000000               5
   361.500000               5
   362.000000               5
   362.500000               5
   363.000000               5
   363.500000               4
   364.000000               4
   364.500000               4
   365.000000               4
   365.500000               4
   366.000000               4
   366.500000               4
   367.000000               4
   367.500000               4
   368.000000               4
   368.500000               4
   369.000000               4
   369.500000               4
   370.000000               4
   370.500000               4
   371.000000               4
   371.500000               4
   372.000000               4
   372.500000               4
   373.000000               4
   373.500000               4
   374.000000               4
   374.500000               4
   375.000000               4
   375.500000               4
   376.000000               4
   376.500000               4
   377.000000               4
   377.500000               4
   378.000000               4
   378.500000               4
   379.000000               4
   379.500000               4
   380.000000               4
   380.500000               4
   381.000000               4
   381.500000               4
   382.000000               4
   382.500000               4
   383.000000               4
   383.500000               4
   384.000000               4
   384.500000               4
   385.000000               4
   385.500000               4
   386.000000               4
   386.500000               4
   387.000000               4
   387.500000               4
   388.000000               4
   388.500000               4
   389.000000               4
   389.500000               4
   390.000000               4
   390.500000               4
   391.000000               4
   391.500000               4
   392.000000               4
   392.500000               4
   393.000000               4
   393.500000               4
   394.000000               4
   394.500000               4
   395.000000               4
   395.500000               4
   396.000000               4
   396.500000               4
   397.000000               4
   397.500000               4
   398.000000               3
   398.500000               3
   399.000000               3
   399.500000               3
   400.000000               3
   400.500000               3
   401.000000               3
   401.500000               3
   402.000000               3
   402.500000               3
   403.000000               3
   403.500000               3
   404.000000               3
   404.500000               3
   405.000000               2
   405.500000               2
   406.000000               2
   406.500000               2
   407.000000               2
   407.500000               2
   408.000000               2
   408.500000               2
   409.000000               2
   409.500000               2
   410.000000               2
   410.500000               2
   411.000000               2
   411.500000               2
   412.000000               2
   412.500000               2
   413.000000               2
   413.500000               2
   414.000000               2
   414.500000               2
   415.000000               2
   415.500000               2
   416.000000               2
   416.500000               2
   417.000000               2
   417.500000               2
   418.000000               2
   418.500000               2
   419.000000               2
   419.500000               1
   420.000000               1
   420.500000               1
   421.000000               1
   421.500000               1
   422.000000               1
   422.500000               1
   423.000000               1
   423.500000               1
   424.000000               1
   424.500000               1
   425.000000               1
   425.500000               1
   426.000000               1
   426.500000               1
   427.000000               1
   427.500000               1
   428.000000               1
   428.500000               1
   429.000000               1
   429.500000               1
   430.000000               1
   430.500000               1
   431.000000               1
   431.500000               1
   432.000000               1
   432.500000               1
